transcript	gene	chr	n_exons	cds_start	cds_end	bp	mu_syn	mu_mis	mu_lof	n_syn	n_mis	n_lof	exp_syn	exp_mis	exp_lof	syn_z	mis_z	lof_z	pLI	pRec	pNull
ENST00000379198.2	B3GALT6	1	1	1167658	1168648	990	1.35073750512e-05	2.44746571282e-05	4.56195992344e-07	48	69	2	82.4033008825699	149.127738504833	3.00051646718059	2.34951019052966	3.20937144226326	0.572157937376852	0.0481044658297901	0.682101787079335	0.269793747090875
ENST00000373842.4	MED18	1	2	28657173	28661481	627	2.15647454398e-06	6.93449449275e-06	3.7821894852e-07	23	54	5	24.9444125883	78.4453450946	5.0017389663	0.241351855794664	1.34998549997105	0.000770231518071174	0.000448333946024653	0.423435756708827	0.576115909345148
ENST00000373243.2	NCDN	1	7	36023791	36031264	2190	1.3663392261e-05	2.78736006816e-05	1.23305431961e-06	138	141	0	154.954587794	313.073396739	16.5698519226	0.844373826594226	4.75671480173843	4.03226421260402	0.99673508374991	0.00326472675257506	1.89497514958218e-07
ENST00000368884.3	PSMD4	1	10	151227258	151239819	1134	4.74018376299e-06	1.20141224434e-05	8.45702572268e-07	54	71	0	53.3015150779	127.681627113	12.3407238066	-0.059310780085236	2.45354703580019	3.47984533872148	0.984312091842397	0.0156790899878506	8.81816975277427e-06
ENST00000324048.5	ZNF687	1	8	151258767	151263685	3714	1.62559443342e-05	4.028633431e-05	1.55274175606e-06	225	372	2	180.611995003	441.303819681	19.991978873	-2.04758402791906	1.6136328987343	3.98603167136951	0.975942572522876	0.0240563905936833	1.03688344049826e-06
ENST00000368285.3	SEMA4A	1	14	156124369	156146788	2286	1.09658444406e-05	2.41090206259e-05	1.72800527837e-06	119	269	5	125.002010424	268.765823902	24.5755477727	0.332802787956668	-0.00698741217266591	3.91157827732882	0.615371620982326	0.384614128865517	1.42501521577794e-05
ENST00000361580.2	KIFAP3	1	20	169890816	170043608	2379	7.05671405657e-06	1.96453836681e-05	2.71306045855e-06	107	185	12	84.7548707632	221.823665163	37.534624494	-1.49796640952044	1.20931635549493	4.12860280284115	0.00197154943265453	0.998020748610313	7.70195703238241e-06
ENST00000422431.1	SYT14	1	10	210111595	210334387	1860	6.21571543979e-06	1.50403818109e-05	1.27631815397e-06	57	133	1	65.4440256926	154.095099733	14.6761874749	0.647089383362347	0.831196343156305	3.53629263989	0.966548706607067	0.033439703718996	1.15896739370846e-05
ENST00000366926.3	SLC30A10	1	4	220088790	220101782	1458	1.09731595185e-05	2.05875620274e-05	6.40747488057e-07	71	103	0	93.5407059348	176.593035502	7.88762811878	1.44482986276178	2.70873297991215	2.78203700798609	0.921869997532192	0.0776527499640071	0.000477252503801219
ENST00000389794.3	LYST	1	51	235826239	235993717	11406	3.78942422419e-05	9.61926925303e-05	9.5351531375e-06	474	1139	22	444.963373035	1095.32343752	127.004453764	-0.853361602483032	-0.645502825161128	9.229707290529	0.999978422869173	2.15771308269855e-05	5.0099958361365e-28
ENST00000260653.3	SIX3	2	2	45169243	45171899	999	1.13118110755e-05	1.95449633295e-05	3.88523490076e-07	75	74	1	105.475742075	183.409147082	4.25221276907	1.83961499376161	3.95147699408976	1.56228805088522	0.348879193568557	0.595442298319936	0.0556785081115071
ENST00000394070.2	STAMBP	2	9	74057983	74089386	1275	4.74217326239e-06	1.21631096971e-05	1.37285562244e-06	63	121	8	57.129878385	140.632052612	19.0569136756	-0.481465077537497	0.809731340938166	2.50898076463492	0.00143027314024062	0.991402751050275	0.00716697580948426
ENST00000233668.5	DOK1	2	5	74781881	74784241	1446	8.34144829959e-06	1.76587975117e-05	9.58127483435e-07	83	173	5	93.551080083	196.42378294	12.5321355925	0.67627297040323	0.817479228217941	2.10763438810885	0.0169928839616036	0.960107294431644	0.0228998216067523
ENST00000263238.2	ACTR3	2	12	114647856	114715032	1257	4.33378359751e-06	1.20257849695e-05	1.25915847007e-06	49	46	0	49.6072403253	131.381982332	18.375670429	0.0534487203638639	3.6434671596474	4.24630597066674	0.998335663589052	0.00166429978050115	3.6630447233037e-08
ENST00000409900.3	CHN1	2	13	175664843	175869640	1380	5.45149501763e-06	1.27918887365e-05	1.1730814575e-06	61	113	2	58.9244972408	132.270133758	14.4759847649	-0.167619387607576	0.819538974254007	3.24818218018191	0.837424430279943	0.162440171876105	0.000135397843951826
ENST00000249504.5	HOXD11	2	2	176972083	176973870	1017	1.28938748494e-05	1.99872977917e-05	4.25179248602e-07	38	76	3	89.1410000059	147.382958413	4.03110572882	3.35799434313534	2.8759912920038	0.50872235503806	0.0131898476206074	0.661759099481592	0.3250510528978
ENST00000392246.2	SUMO1	2	5	203071975	203103174	306	8.27390608043e-07	2.24003068986e-06	3.0453368466e-07	9	8	0	10.6723223304	25.4259635482	5.05917618567	0.317350647604747	1.69034147410236	2.22807387752651	0.80037401914066	0.194175602280808	0.00545037857853205
ENST00000264376.4	CRYGD	2	3	208986396	208989197	525	3.09794679134e-06	7.32982812624e-06	5.74679748683e-07	32	68	4	31.8402786073	74.6352257965	6.6996659777	-0.0175477044501204	0.375664799739421	1.03317336794004	0.00822648074513727	0.791445989750453	0.20032752950441
ENST00000248444.5	VIL1	2	19	219288501	219314059	2484	1.20921475631e-05	2.64954686916e-05	2.2450520443e-06	142	295	14	142.763630556	303.399112529	32.7367975421	0.039619284702825	0.235853344759541	3.24389568942173	1.21278222497287e-05	0.999514699791872	0.000473172385878559
ENST00000264414.4	CUL3	2	16	225338961	225449726	2307	7.94217867394e-06	2.24496224546e-05	2.03114974952e-06	96	89	4	92.1632823139	248.449569572	28.6042831196	-0.247759666427857	4.94789761339181	4.55706135245993	0.974063405438851	0.0259365434257954	5.11353534095903e-08
ENST00000409110.1	SAG	2	15	234217835	234255558	1218	6.46182894843e-06	1.34681770222e-05	1.2485915008e-06	65	141	14	67.1765800772	133.656808386	17.5534541801	0.164632342850134	-0.310674965692948	0.840154431665091	1.56803495288471e-08	0.378036644043591	0.621963340276059
ENST00000326434.5	CRELD1	3	11	9976122	9986075	1269	5.82689593934e-06	1.32071313797e-05	1.6796259802e-06	72	149	13	68.1984938245	148.302946553	22.7063345171	-0.285376507686328	-0.027998626100437	2.01776881886141	1.4147073999886e-06	0.954314136341221	0.0456844489513785
ENST00000306077.4	TMEM43	3	12	14166693	14183295	1203	6.20623491916e-06	1.39783042729e-05	1.11801108687e-06	81	182	13	73.0844240797	159.2621116	17.2009059339	-0.57401045042565	-0.881273241695649	1.00336055542035	9.84762662149707e-08	0.520693071272873	0.479306830250861
ENST00000545947.1	DAG1	3	2	49547967	49570632	2688	1.32478438465e-05	3.06155915633e-05	1.08088176195e-06	166	307	1	150.93893	347.7191736	13.08480884	-0.759985918224443	1.06807399439693	3.30937301852726	0.940921791331691	0.0590301227780706	4.80858902388211e-05
ENST00000345716.4	NISCH	3	21	52489657	52526498	4515	2.91077521255e-05	5.75537674873e-05	2.51688760122e-06	322	491	7	329.801624075	645.122131998	36.1397915306	0.266321802467808	2.96797620478251	4.80157075067387	0.817101389344283	0.182898547141011	6.35147052661531e-08
ENST00000295756.6	TRAT1	3	6	108541774	108572724	561	1.80551985799e-06	4.91606149148e-06	6.58044919167e-07	29	72	2	22.9714883	58.2145813	9.97036378	-0.779767116897837	-0.883732047267899	2.50041642389079	0.486401716946783	0.50883095158136	0.00476733147185699
ENST00000337940.4	NR1I2	3	9	119501604	119536059	1422	6.47243139336e-06	1.64465439624e-05	9.07671051663e-07	92	195	8	72.0155090371	175.402124637	13.0558686289	-1.45992157600588	-0.723783318430078	1.38606187179804	0.000129416843964785	0.846347083052094	0.153523500103941
ENST00000402696.3	TF	3	17	133465284	133497464	2097	9.9783287483e-06	2.08420116263e-05	1.6037094978e-06	119	199	9	117.636338309	239.083314305	24.8043045475	-0.0779466900154158	1.26795924848252	3.14341430232178	0.00237226565881044	0.996916881861687	0.000710852479502163
ENST00000265594.4	MCCC1	3	19	182733225	182817228	2178	9.18070876514e-06	2.08185799778e-05	1.68149148282e-06	100	240	12	105.559825077	232.398888132	25.8736513058	0.335474351040631	-0.243879806998079	2.70179014642514	2.51105898766941e-05	0.99594563886363	0.00402925054649339
ENST00000265593.4	CLCN2	3	24	184064393	184079267	2697	1.36406876883e-05	3.40983263077e-05	2.42243041435e-06	172	328	17	158.04289455	377.115997794	35.3237589825	-0.688267394084592	1.23709196504581	3.05401244383602	2.26513810859121e-07	0.99881222888228	0.00118754460390946
ENST00000392456.3	CCDC50	3	12	191047463	191109549	1449	5.02457869866e-06	1.36633633059e-05	1.77275652342e-06	69	149	12	57.316332742	149.004613053	23.2600982517	-0.956730292621966	0.000184320819710766	2.31273626681128	9.33289305733199e-06	0.983794370595387	0.0161962965115559
ENST00000292823.2	PCYT1A	3	8	195965558	195997402	1104	5.18863094918e-06	1.19685947439e-05	1.23960486154e-06	62	112	5	62.141039	138.9594308	17.39775267	0.0110918113330375	1.11862032527104	2.94432731385128	0.0983000755796718	0.900125669501523	0.0015742549188052
ENST00000304374.2	DRD5	4	1	9783653	9785087	1434	1.15733298703e-05	2.13115292715e-05	6.42621942453e-07	101	224	16	131.5473	241.8831725	7.70013644	1.65113015508406	0.562417459154113	-2.9628621492981	2.52172129080646e-14	0.000655682425695765	0.999344317574279
ENST00000381897.1	RFC1	4	25	39290380	39367861	3447	1.14125191418e-05	2.95259127945e-05	2.84695225349e-06	151	333	10	135.472484272	334.440134638	41.2286031679	-0.827037922450447	0.0385167780101388	4.81773499136772	0.17548740360959	0.824512408750479	1.8763993059069e-07
ENST00000381431.5	SGCB	4	6	52890122	52904425	957	3.4904714314e-06	9.57455308208e-06	6.23074466621e-07	49	118	5	35.432502	102.6380403	8.73386049	-1.41302023685077	-0.741668992912766	1.25153971949552	0.00360015162466118	0.842001022146507	0.154398826228832
ENST00000381501.3	TEC	4	17	48139432	48230631	1896	6.30536550557e-06	1.61042127759e-05	2.03624290245e-06	88	152	10	75.9920631112	184.913987255	29.4301224588	-0.853952728615064	1.18389240146668	3.54788201167292	0.00257331126911319	0.997298588662125	0.000128100068762302
ENST00000257290.5	PDGFRA	4	22	55124935	55161439	3270	1.36856336763e-05	3.15339671254e-05	2.59015372479e-06	168	304	3	164.281201	366.506553	38.56710145	-0.179869844364073	1.5969869805858	5.67322045474807	0.999876729754594	0.000123270244871733	5.34267076338947e-13
ENST00000244869.2	EREG	4	5	75231025	75250525	510	2.19536309712e-06	4.98711706507e-06	5.32679897827e-07	26	70	6	26.0790360282	57.2690986527	8.0298371921	0.00959512487017453	-0.82283992186665	0.709573705739999	0.00040011069339593	0.633453519906714	0.36614636939989
ENST00000307333.7	ANTXR2	4	16	80898732	80993714	1470	5.53222740758e-06	1.38725570456e-05	1.47060326603e-06	58	133	4	54.5042433489	127.493942932	17.8847873914	-0.293545809740131	-0.238515061649103	3.25227294876403	0.405188748060346	0.594440676129883	0.000370575809771033
ENST00000394634.2	CFI	4	13	110662048	110723127	1752	6.04603428331e-06	1.52992062337e-05	1.81127290535e-06	89	202	12	73.3725689538	177.700629474	25.5674368929	-1.13101965927671	-0.891594907292547	2.65793225299957	2.2377327985363e-05	0.995231631213004	0.00474599145901114
ENST00000360771.4	GYPA	4	7	145032546	145061788	453	1.69441696802e-06	4.19212069401e-06	5.04429848652e-07	16	63	4	20.7710994979	47.46386249	8.08118959285	0.648990430794573	-1.10300651712115	1.42212837939189	0.0153129822194926	0.878762331941337	0.10592468583917
ENST00000324300.5	EDNRA	4	7	148406833	148463770	1284	4.87904548413e-06	1.21907294823e-05	8.73108993343e-07	53	65	0	57.5985451837	139.629470781	12.6525572907	0.375633747846732	3.08914579497414	3.52353748118643	0.986016088385212	0.0139772626332455	6.64898154269879e-06
ENST00000393593.3	IRF2	4	8	185309911	185350218	1050	5.33252774916e-06	1.19730920453e-05	8.71222598245e-07	61	70	3	63.771421	139.0104167	13.22390377	0.215148737141499	2.86290771581114	2.78500893342106	0.382047181106152	0.615781271630557	0.00217154726329099
ENST00000270349.9	SLC6A3	5	14	1394849	1443312	1863	1.35038623944e-05	2.45624532023e-05	1.59788401957e-06	151	157	1	145.753691496	262.356635875	21.2392223719	-0.269397013908859	3.18150216387646	4.35025048844275	0.99703690247797	0.00296306725675279	3.02652776186517e-08
ENST00000306320.9	FAM134B	5	9	16474849	16617080	1494	7.99832839974e-06	1.53758331871e-05	1.05686043417e-06	54	114	6	65.7922659186	136.964741321	13.9671974925	0.901279355172293	0.959782740309337	2.11174089677415	0.00565139603237414	0.971198145770552	0.0231504581970743
ENST00000274255.6	SKP2	5	10	36152364	36182133	1275	5.12872078041e-06	1.20682854484e-05	1.3479263955e-06	54	101	1	62.3004353	140.9271613	19.46324963	0.651936106048302	1.64508326494224	4.14562654480805	0.9942587612668	0.00574108654438025	1.5218881947319e-07
ENST00000313164.9	C7	5	18	40909712	40981675	2532	9.48441171553e-06	2.24887409452e-05	2.25658082575e-06	141	308	21	99.5530095631	228.523394148	28.577386095	-2.57522540964273	-2.57152308419845	1.40409928808189	1.26145650921317e-11	0.50794029347847	0.492059706508915
ENST00000379979.4	GLRX	5	2	95152216	95158366	321	1.57927572744e-06	3.16631440725e-06	2.61092749156e-07	13	30	5	18.731722	36.7132016	3.79642862	0.821004544568795	0.541919766880426	-0.611890769083076	0.000187398851916141	0.277796477278761	0.722016123869323
ENST00000358746.2	TTC37	5	40	94800310	94882854	4695	1.50264873673e-05	3.67980531941e-05	4.40979849338e-06	199	476	41	182.230403257	422.568361078	64.5313918474	-0.770125838028322	-1.27135294173434	2.9016951640924	7.99341870810084e-20	0.980894720699824	0.0191052793001758
ENST00000402673.2	SAR1B	5	6	133942639	133959709	597	2.17572989262e-06	5.06896167474e-06	7.08376147263e-07	21	54	5	25.9568439089	56.9788398814	10.0221522657	0.603154322606342	0.193021987636241	1.57144444625804	0.00630041605283772	0.910141255140546	0.0835583288066165
ENST00000302014.6	CD14	5	2	140011440	140012656	1128	1.01149853179e-05	1.76902575993e-05	4.05275490721e-07	68	141	6	115.389690605	201.159119439	5.33858186741	2.73495314151461	2.07466496286929	-0.283565133908415	6.68636589803062e-05	0.289637598561117	0.710295537779903
ENST00000414552.2	GABRG2	5	11	161495005	161580374	1548	5.91269299192e-06	1.49974304866e-05	1.38379556215e-06	67	77	2	65.8574243401	157.786124702	18.4889340669	-0.0872838137043231	3.14571045779682	3.79862429889716	0.958543398155425	0.0414525970013531	4.00484322195471e-06
ENST00000239243.6	MSX2	5	2	174151662	174156586	804	6.96416672212e-06	1.18359209696e-05	4.72632622299e-07	49	81	1	57.608841516	103.19194229	4.99743275436	0.703152397202704	1.06853352613994	1.77132130541339	0.42149241575751	0.544391297516308	0.0341162867261824
ENST00000283147.6	BMP6	6	7	7727188	7880576	1542	1.24965828689e-05	2.26733358067e-05	1.2952635115e-06	99	212	2	113.287033803	211.295881632	15.8238886769	0.832147787518465	-0.0236921932970437	3.44241553104105	0.895081718104266	0.104875894079622	4.2387816112151e-05
ENST00000309983.4	TPMT	6	8	18130898	18149358	738	2.43449851569e-06	6.25185358876e-06	7.57944237935e-07	26	77	8	30.936149	74.1875707	11.94043645	0.550179857099254	-0.159710157867985	1.12959821810589	7.57391771227039e-05	0.751715695980259	0.248208564842618
ENST00000274813.3	MUT	6	12	49399440	49427179	2253	6.67547929724e-06	2.0352243243e-05	2.01692997451e-06	87	256	27	79.8198259856	233.297624726	27.7439600079	-0.498228739300454	-0.726997790879587	0.139912026642425	5.92436972896757e-18	0.00645800866024609	0.993541991339754
ENST00000503581.1	EYS	6	40	64430491	66205303	9435	2.92337444674e-05	7.47003256693e-05	5.93722213951e-06	87	222	14	59.8182646702	153.46673765	16.6754802045	-2.17876224107402	-2.70589548849874	0.649011333823918	8.21411418968935e-09	0.2750076762546	0.724992315531286
ENST00000369977.3	MYO6	6	34	76527264	76624729	3858	1.21444582116e-05	3.54255843029e-05	4.36475621306e-06	146	362	16	147.812290944	403.937277487	61.096273693	0.0924111181212349	1.02061024328937	5.71508871465485	0.0177883990936548	0.982211600378647	5.27698444208756e-10
ENST00000421865.2	LAMA2	6	65	129204390	129837492	9369	3.68677629927e-05	9.00408529165e-05	8.65872395119e-06	457	1131	61	434.87599674	1027.67537553	122.935173414	-0.657703744028645	-1.57649982080654	5.53336070829469	1.1846527263111e-24	0.999999997723819	2.27618135802507e-09
ENST00000237289.4	TNFAIP3	6	8	138192364	138202456	2373	1.12569692147e-05	2.63462305518e-05	1.70571659967e-06	109	259	0	130.896594	301.8610249	22.67889571	1.18648429086054	1.20663317280487	4.71737809305109	0.999666684982313	0.000333314290102666	7.2758380374275e-10
ENST00000367651.2	CITED2	6	1	139694268	139695081	813	7.24340159466e-06	1.19743762995e-05	2.95881146917e-07	75	117	0	82.48835	136.0913172	3.77149092	0.511139301180273	0.8004546745507	1.92373935961328	0.706861723944729	0.277581096026204	0.0155571800290674
ENST00000367519.3	EPM2A	6	4	145948551	146056634	996	6.78082703664e-06	1.39007150714e-05	6.38623575142e-07	52	97	7	47.7058957635	105.822365304	7.44050897119	-0.385421164438393	0.419483043478885	0.159971697545114	3.58971451329325e-05	0.368559658109774	0.631404444745093
ENST00000346085.5	ARID1B	6	20	157099063	157529025	6750	5.04259973877e-05	8.69444493551e-05	4.646352858e-06	346	555	6	397.132019453	744.351348298	54.2042840548	1.59065067400404	3.39465595575973	6.48572503602533	0.999949930200412	5.00697995874118e-05	4.93048584287307e-16
ENST00000360961.6	MPC1	6	5	166778916	166796364	330	1.86204707237e-06	4.23143263112e-06	3.84963261795e-07	14	30	2	19.874402969	44.0167159805	5.61529023442	0.816894498118055	1.03336567944772	1.51128634784949	0.145968077163696	0.778420165138115	0.0756117576981895
ENST00000441542.2	HDAC9	7	25	18535925	19035685	3210	1.21621729909e-05	2.95663572039e-05	3.32665564414e-06	150	260	5	124.107867457	290.623357125	40.4865436757	-1.44084420211918	0.878627048348487	5.52456418907479	0.998375125074442	0.0016248749138385	1.17196112074122e-11
ENST00000381083.4	IGFBP3	7	4	45954418	45960739	894	8.65922610735e-06	1.56435102315e-05	6.45676360299e-07	28	53	1	26.873896	64.1358215	4.3917177	-0.134666960849308	0.680124347281926	1.60321652092499	0.362251902433295	0.58683504376315	0.0509130538035548
ENST00000395471.3	PSPH	7	5	56079454	56088905	678	2.85372167363e-06	6.49254335825e-06	5.46299107362e-07	29	70	1	33.8747255741	74.1509523412	8.10347431139	0.519232767390986	0.235779285062898	2.47186570062885	0.709723367299492	0.286885226936162	0.0033914057643462
ENST00000252034.7	ELN	7	33	73442517	73483030	2175	1.39645252938e-05	2.46596461101e-05	2.2765306433e-06	163	269	15	160.039834555	275.37103443	37.7487189392	-0.145062953229676	0.18778673267151	3.66771507765061	1.51996287413625e-05	0.999915497445724	6.9302925534003e-05
ENST00000265728.1	DBF4	7	12	87506047	87537478	2025	5.83459436522e-06	1.45220855032e-05	1.62253897437e-06	78	168	1	69.3229235497	165.306268105	22.5274082116	-0.646077427690197	-0.102475717442972	4.4928905561838	0.998167681555921	0.00183230907329019	9.37078901538344e-09
ENST00000356860.3	CACNA2D1	7	39	81579707	82072775	3276	1.21819740244e-05	2.810520363e-05	4.00067542272e-06	136	199	5	142.45330488	310.629469401	56.4244387731	0.335193098633498	3.09794768094555	6.78149792555982	0.999995804404225	4.19559577516183e-06	5.8064753547162e-18
ENST00000200457.4	TRIP6	7	9	100465119	100470925	1431	9.64783934128e-06	1.85592348789e-05	1.22019923264e-06	97	183	3	99.445801724	192.164999495	16.2684205015	0.152046759493372	0.323378974858018	3.25863887323503	0.659398351134913	0.340367624743684	0.000234024121403702
ENST00000306312.3	SLC26A5	7	18	103014845	103061961	2235	8.93598249731e-06	1.98642858601e-05	1.82752575894e-06	88	238	10	107.480074124	229.733881674	27.7527197634	1.16486771981056	-0.26675006663058	3.3381189726849	0.00137555507026871	0.998308808997194	0.000315635932537363
ENST00000284601.3	PPP1R3A	7	4	113517777	113559051	3369	1.03731707834e-05	2.6173935885e-05	2.08695796352e-06	129	359	14	118.683025651	297.160869632	25.0253434235	-0.587095350834811	-1.75462291483133	2.18319137003277	6.58740989250831e-07	0.971097301661024	0.0289020395979871
ENST00000357628.3	POT1	7	15	124464015	124537227	1905	6.61833110603e-06	1.5715263605e-05	1.58519354907e-06	78	145	5	78.8600704078	179.181574364	23.562311447	0.0600419346023412	1.24899913195522	3.78802497078045	0.522727216703268	0.477242315835056	3.04674616760716e-05
ENST00000265388.5	TNPO3	7	22	128597308	128694824	2772	1.05033779801e-05	2.75699444869e-05	3.24936179513e-06	115	181	14	126.252460125	317.740282699	45.4156410832	0.620838289289144	3.7521211368693	4.61777583023673	0.00138920147813071	0.99861027646799	5.22053879292922e-07
ENST00000311322.8	LPL	8	10	19796951	19822821	1428	6.36797111366e-06	1.42955759504e-05	1.19505597596e-06	90	180	11	72.9233556072	160.479199579	16.6780708319	-1.23970553060351	-0.753710803304999	1.37726540773649	3.33727737763241e-06	0.792834693752327	0.207161968970295
ENST00000298139.5	WRN	8	34	30915963	31030618	4299	1.44270962658e-05	3.69062576423e-05	4.07236666698e-06	187	490	35	175.408837152	426.298323915	58.903487241	-0.542565489389231	-1.50907451467772	3.08517968187954	1.96078222210392e-16	0.996075112619985	0.00392488738001482
ENST00000342228.3	SLC20A2	8	10	42275320	42329908	1959	1.29817411556e-05	2.40525773322e-05	1.41579439035e-06	135	167	3	147.003240648	268.504378636	19.45398563	0.61373812905574	3.02988120068172	3.69535850023047	0.864429580346683	0.135553573600494	1.68460528231753e-05
ENST00000297316.4	SOX17	8	2	55370698	55372555	1245	1.52853329378e-05	2.38991858698e-05	6.86370629758e-07	77	103	0	125.459441386	196.087879124	6.3207411075	2.68210598059921	3.25150410642779	2.49042627886612	0.866918773398146	0.131210614752515	0.00187061184933919
ENST00000419880.3	UBE2W	8	7	74706336	74791144	576	2.12917941607e-06	6.04112615996e-06	1.01147696978e-06	17	26	0	16.7040067424	42.2104460118	9.42064413831	-0.0448968758469837	1.22039818813149	3.04039485595624	0.954557960872144	0.0453197592782473	0.000122279849608767
ENST00000220751.4	RIPK2	8	11	90770288	90802644	1623	5.87081165968e-06	1.46435917043e-05	1.38281454662e-06	57	115	4	63.9215028614	156.99871275	19.492921389	0.536693346713997	1.63947330597015	3.47603792574824	0.554263285932167	0.445619578169749	0.000117135898084473
ENST00000353107.3	POLR2K	8	3	101163583	101165544	177	6.04170698811e-07	1.62840813779e-06	2.37485117955e-07	7	15	3	7.82879395175	18.9396425566	3.82551067459	0.183632109342262	0.442779135810927	0.418088031335074	0.0117782524449014	0.638167983557482	0.350053763997616
ENST00000520539.1	UBR5	8	59	103266529	103424462	8400	2.81852670244e-05	7.91131647426e-05	9.19571174351e-06	336	491	1	330.014931458	889.456786791	124.702481175	-0.204246288217252	6.53484551830837	10.9731307923611	1	4.65471298714032e-20	3.53016124564021e-49
ENST00000297347.3	MED30	8	4	118533115	118552217	537	2.97044539325e-06	6.59839297447e-06	5.62918212342e-07	27	46	1	30.7866196221	66.7992558903	6.89847957665	0.423077723115691	1.24473966607751	2.22460587128684	0.606541510277703	0.384770925387378	0.00868756433491867
ENST00000389328.4	TRAPPC9	8	23	140743303	141468663	3741	2.33749478086e-05	4.8340289422e-05	3.06019482181e-06	236	414	16	239.721865402	487.907755443	39.5636989345	0.149025397697072	1.6365821789657	3.71094708190881	5.76038953455576e-06	0.999937759228747	5.64803817187735e-05
ENST00000426825.1	OPLAH	8	27	145106226	145114935	3867	3.02435978996e-05	6.15187752184e-05	2.95900132729e-06	267	535	22	266.146274565	536.088973977	33.801642665	-0.0324410195471006	0.0230051942166149	2.01077385284786	2.99003379437065e-11	0.887670230594218	0.112329769375881
ENST00000449498.1	IFNA13	9	1	21367436	21368009	573	1.87594576358e-06	4.24576590535e-06	3.00774203977e-07	1	12	0	21.67396	48.52451	3.82693076	2.75298609498055	2.56460366183657	1.93782702740764	0.711459503244693	0.273653323168301	0.0148871735870057
ENST00000379731.4	B4GALT1	9	6	33113451	33167167	1197	7.69987175835e-06	1.60665754325e-05	7.03434796277e-07	62	115	2	74.9016986306	159.680018379	9.96955122674	0.924167324168212	1.72943520433599	2.50026336979993	0.486324787710792	0.508905105119333	0.00477010716987471
ENST00000378643.3	FANCG	9	14	35074104	35079521	1869	7.33672771603e-06	1.75578889612e-05	1.60068127717e-06	88	191	16	87.552447388	202.056786911	23.3038204122	-0.0296521969221667	0.380460158176833	1.49873983103871	9.75294817310612e-09	0.740774929814062	0.259225060432989
ENST00000375147.3	NCBP1	9	23	100396163	100433481	2373	8.33127263726e-06	2.24202459709e-05	2.46177757082e-06	88	140	2	100.407675889	255.774028441	36.9191043125	0.767639338783464	3.54078289904774	5.69281688797566	0.99995610858717	4.38914126165233e-05	2.13402856698178e-13
ENST00000210313.3	PSMD5	9	10	123580183	123605187	1515	6.30597192556e-06	1.46165532733e-05	1.04072076041e-06	67	179	10	70.9056197232	162.299780478	15.7082186293	0.28754057871591	-0.641178713840486	1.42668086839382	1.26579691239429e-05	0.830792821455133	0.169194520575743
ENST00000373818.4	GSN	9	17	124062139	124094881	2349	1.56088056407e-05	3.15434618167e-05	1.8237928122e-06	142	255	13	157.708610654	318.743085203	24.7935684367	0.775459842557906	1.74634204226242	2.3462019681536	3.18617651517055e-06	0.984630361052357	0.0153664527711276
ENST00000259324.5	LRRC8A	9	2	131669443	131678650	2433	1.65228185102e-05	3.3707887386e-05	9.91948928671e-07	178	202	1	188.04513	382.7555317	12.07718054	0.45412219850653	4.51905106237653	3.15744736388763	0.916104676238055	0.0837780854423358	0.000117238319609253
ENST00000351698.4	TOR1A	9	5	132576250	132586364	999	5.61523648951e-06	1.10117912877e-05	7.6807685117e-07	51	94	3	59.5637120745	115.48668721	10.2504196417	0.687892329470264	0.97795799315811	2.24327229940483	0.16704849102676	0.818697702344535	0.0142538066287046
ENST00000372394.1	ASS1	9	14	133327615	133376408	1239	7.04279415468e-06	1.50095156001e-05	1.34994118951e-06	83	154	9	83.8725329114	172.245562997	20.6164283864	0.0590636061243778	0.679986971715517	2.5342858535698	0.000493337976371257	0.992797603934801	0.00670905808882754
ENST00000372190.3	RAPGEF1	9	24	134454883	134585070	3288	1.89781737381e-05	3.76989113067e-05	2.99126579262e-06	187	279	3	203.270657782	396.030455086	39.5532654099	0.7074867660642	2.8764125934903	5.75737771356179	0.999914749689066	8.5250310716412e-05	2.17573889204483e-13
ENST00000460843.1	EHMT1	9	27	140513480	140729405	3897	2.83235848572e-05	5.19314305546e-05	3.57571682103e-06	308	455	1	313.686786642	570.260687298	48.8875644963	0.199053269784746	2.36080958100023	6.78442809128952	0.99999990401202	9.59879795724989e-08	3.4944631440694e-19
ENST00000379977.3	IL15RA	10	7	5995057	6019455	804	5.70248414241e-06	1.07353405044e-05	4.92568056555e-07	43	96	10	49.5752137959	89.0941470868	7.23907104482	0.578930996868814	-0.35785657027922	-1.01649083214291	3.17110849041528e-08	0.049425460355515	0.9505745079334
ENST00000378076.3	ITGA8	10	30	15559156	15761770	3192	1.47058872626e-05	3.16678945319e-05	3.35330556633e-06	166	398	21	166.554314097	350.174081144	48.9285015088	0.0266266454369921	-1.25007936161488	3.95508961129069	5.01886012783355e-08	0.99998257224115	1.73775702491115e-05
ENST00000376087.4	ANKRD26	10	34	27294518	27389255	5133	1.65197605814e-05	3.99777007996e-05	4.26557178365e-06	190	542	33	195.408424585	453.010223853	59.6681640626	0.239853787580714	-2.04504420678092	3.41988438795223	7.08727863800569e-15	0.999440089149152	0.000559910850840408
ENST00000396033.2	ITGB1	10	15	33190497	33224486	2397	8.74265996845e-06	2.08881041719e-05	1.73006098876e-06	90	128	4	102.840100385	237.202446189	25.2328739659	0.784940389515351	3.46807983201252	4.18711748676028	0.914111640885177	0.0858873239601324	1.03515469099844e-06
ENST00000280772.2	ANK3	10	43	61802448	62149296	13134	5.13962924649e-05	0.000118459645657	7.71155102848e-06	626	1215	5	596.099329999	1350.66599074	103.980116858	-0.759226735443726	1.80556679287507	9.61529272719754	0.999999999999921	7.91608437076065e-14	8.88951028904629e-37
ENST00000394829.2	PPP3CB	10	14	75197999	75255647	1578	6.26299525302e-06	1.47901006075e-05	1.6263021782e-06	56	57	0	68.1718885282	157.630510609	22.9932848667	0.913912894992682	3.92036001699827	4.74996223627856	0.9997036494233	0.000296350030296658	5.4640346016076e-10
ENST00000287239.4	KAT6B	10	16	76602615	76790804	6222	2.48221139479e-05	5.85066644936e-05	4.1724363608e-06	265	572	2	287.695387563	668.834931052	53.8714748517	0.829508532083778	1.83142406484575	7.00065822006713	0.999999922573337	7.74266627180357e-08	4.18933262864851e-20
ENST00000325103.6	HPS1	10	18	100177320	100202997	2103	1.15814611478e-05	2.4197806213e-05	1.84978465239e-06	122	253	14	122.647901713	247.307335051	24.7822211874	0.036268317376183	-0.177058282225919	2.14549657332183	5.9907099496673e-07	0.96719882033045	0.0328005805985547
ENST00000304129.4	AFAP1L2	10	19	116055800	116164214	2457	1.30897325282e-05	2.67040181304e-05	1.95053770795e-06	140	291	6	144.124488523	286.713006374	27.1590100635	0.212986423093167	-0.123835810931005	4.02187074599463	0.446972663901368	0.553016283965668	1.10521329646852e-05
ENST00000368865.4	BUB3	10	7	124914433	124923351	987	4.87737911264e-06	1.08990643884e-05	1.08169887217e-06	58	65	3	58.0477888461	126.198404606	15.0909195307	0.0038886031988832	2.66458514987287	3.08312533239711	0.554686126711163	0.444738394619099	0.000575478669738312
ENST00000380034.3	TRIM5	11	7	5686038	5701407	1482	5.23407812009e-06	1.37182907858e-05	1.15288035098e-06	70	187	13	62.236866	158.3647774	15.99604848	-0.610045819739675	-1.11297992946781	0.742048268680075	4.36970250918444e-08	0.362578824787844	0.637421131515131
ENST00000256190.8	SBF2	11	40	9801964	10315616	5550	1.86030639018e-05	4.83231465355e-05	4.92667700376e-06	260	537	16	219.300715202	545.925313175	70.5132298637	-1.70379127944535	0.186841213169031	6.43067085500667	0.380054089955573	0.619945910042307	2.12006128591202e-12
ENST00000251968.3	TSG101	11	10	18502092	18548363	1173	4.6920840011e-06	1.13374550464e-05	1.14814201839e-06	52	89	1	54.8389337983	126.975942647	16.486173343	0.237661958362938	1.64840509939408	3.77810370468353	0.982720286760501	0.0172774477060837	2.26553341571377e-06
ENST00000545968.1	MYBPC3	11	34	47353421	47374198	3825	2.40251999355e-05	5.21688486308e-05	3.34439808955e-06	264	445	17	223.40398234	475.790294303	40.0947704344	-1.68378731628978	0.690434681255666	3.61292900935812	1.35053975034244e-06	0.999906932680101	9.17167801485317e-05
ENST00000227524.4	PRPF19	11	16	60658637	60673854	1515	7.71824622994e-06	1.6600596076e-05	1.2508851861e-06	77	65	0	84.9006937904	175.410924374	18.7758609721	0.531568069401922	4.07755767161576	4.29229549043784	0.998566695864226	0.00143327869030732	2.54454664631393e-08
ENST00000326294.3	PTPRCAP	11	2	67203203	67205090	621	4.4429576342e-06	8.6367101236e-06	4.14407552496e-07	39	71	0	41.3562564812	79.7561194878	4.60031156406	0.227144423712046	0.479563538015417	2.12463013208226	0.770195971803083	0.221837278523578	0.00796674967333956
ENST00000227471.2	UNC93B1	11	12	67759016	67771513	1791	1.52907055404e-05	2.78956032631e-05	1.25749845702e-06	55	104	2	73.4705332515	136.594686112	10.260286339	1.33589471918436	1.36410097507379	2.55449498465051	0.513837375928464	0.482295391231624	0.00386723283991288
ENST00000344327.3	TRPC6	11	13	101323685	101454234	2796	1.07032277364e-05	2.65952998955e-05	1.97136037269e-06	126	234	9	115.963411289	287.79933547	26.5586937485	-0.577797419719326	1.55113039644427	3.37503665553934	0.00456410505335574	0.995159289159918	0.00027660578672581
ENST00000003302.4	USP28	11	25	113669961	113746223	3234	1.16048453345e-05	2.89464312636e-05	3.59792851271e-06	142	313	13	126.77448199	319.163380634	49.4475508057	-0.838310718557098	0.168744747248715	5.13435177982923	0.031657505195455	0.96834246791256	2.68919847816125e-08
ENST00000278742.5	ST14	11	19	130029874	130079718	2568	1.94269207263e-05	3.74176821391e-05	2.05727011749e-06	166	300	5	197.296664161	373.338411828	28.0134351193	1.38130026041475	1.85650705815098	4.3071293216964	0.85267655285458	0.147322585571004	8.61574415640199e-07
ENST00000256958.2	SLCO1B1	12	14	21294508	21392123	2076	6.51029095622e-06	1.65249116422e-05	1.65472424706e-06	81	272	24	77.8771824889	189.517237395	24.2437111916	-0.219377124684491	-2.93059306101625	0.0490304234937655	3.45238778980654e-16	0.00989771578463161	0.990102284215368
ENST00000451604.2	SOX5	12	15	23687152	24102535	2292	8.51561372981e-06	2.16330775763e-05	2.08589820041e-06	120	160	2	102.770124	251.3937146	29.92010532	-1.05365589865429	2.81939259174537	5.05621050983418	0.999398884487612	0.000601115387057276	1.2533086052509e-10
ENST00000301180.5	DIP2B	12	38	50898923	51138622	4731	2.05330548471e-05	4.80066737194e-05	4.83106799455e-06	228	403	10	227.546331208	527.231995223	66.7858752104	-0.0186458998024671	2.64636068771892	6.88315763428943	0.999668381879693	0.000331618120306863	8.26795431783405e-17
ENST00000338193.6	PRIM1	12	13	57125498	57146082	1263	4.11581656618e-06	1.18245921158e-05	1.1457205266e-06	36	83	5	37.8888531115	104.66797571	13.7569774214	0.190235348737663	1.03592503235018	2.33874249960757	0.0268979390191366	0.961225661242737	0.0118763997381262
ENST00000455537.2	KIF5A	12	28	57944054	57976962	3099	1.44992430971e-05	3.5274100106e-05	3.37981243397e-06	159	196	4	167.258038936	391.299172555	47.8000075042	0.395850224168917	4.82905814278798	6.2755229162229	0.999979703146806	2.0296853192745e-05	1.33501206804528e-15
ENST00000258145.3	GNS	12	14	65110520	65153056	1659	7.20462861982e-06	1.66588550841e-05	1.42550085957e-06	78	131	6	75.0123474135	169.581660796	21.3029726684	-0.213851707945029	1.44913329357579	3.28431978441201	0.0829052963160252	0.916669454626573	0.000425249057402338
ENST00000261205.4	SYT1	12	8	79611299	79842904	1269	5.42764195223e-06	1.1522281384e-05	9.89948764641e-07	59	65	2	64.5832958232	133.332886663	14.4711998986	0.430705411184785	2.89452716473109	3.24747369753178	0.837180354589946	0.162683695712341	0.000135949697713377
ENST00000397659.4	TCTN1	12	14	111051987	111085697	1779	9.01264811007e-06	1.71273174019e-05	1.44937243838e-06	83	173	16	94.684795582	178.599979803	20.5612411798	0.744441517414899	0.204957469730708	0.996432709460637	1.86861398243824e-09	0.395855334579587	0.604144663551799
ENST00000338101.4	NOS1	12	29	117653113	117768874	4407	2.38916454073e-05	5.14094572577e-05	3.84814716777e-06	288	390	8	275.062379401	577.805560457	54.3010798826	-0.483601420296362	3.82150215242938	6.22409997347888	0.998694760625134	0.001305239374809	5.69203679160769e-14
ENST00000261819.3	ANAPC5	12	17	121746282	121790143	2268	1.1491772783e-05	2.34303757426e-05	1.82101167916e-06	116	169	12	135.213891271	268.258270776	27.2307093488	1.02436404826789	2.96419453859561	2.8912147905367	4.18001522765e-05	0.998009990181843	0.00194820966588037
ENST00000289004.4	HPD	12	14	122277633	122296729	1182	6.98099333768e-06	1.39352320732e-05	1.20461000618e-06	84	129	7	83.6362601577	161.665561449	19.1772096925	-0.0246571700161444	1.25660359082827	2.75451264763037	0.00776520567552076	0.989131194375298	0.00310359994918092
ENST00000319980.6	IFT88	13	26	21142115	21265314	2502	7.56512096396e-06	2.03976553232e-05	2.66856849588e-06	90	273	19	90.2321870855	225.698511039	37.6162344412	0.0151534750360284	-1.54002236812526	3.00672619837808	1.97189619737225e-08	0.998383169937842	0.0016168103431962
ENST00000382353.5	FGF9	13	3	22246051	22275574	627	3.40868394651e-06	6.6281212753e-06	5.5115761826e-07	36	43	0	39.878387	76.3552927	7.50201853	0.380743183756299	1.86707423000159	2.71318103523983	0.910715910113492	0.0886141668494015	0.00066992303710623
ENST00000282397.4	FLT1	13	30	28877303	29068980	4017	1.66432223677e-05	3.8239208839e-05	3.33793992787e-06	192	380	7	194.249584841	433.388911888	48.5007899958	0.100063263670434	1.25437829474283	5.90298436927191	0.997806027350573	0.00219397264842896	9.97954938585104e-13
ENST00000381588.4	RNF6	13	3	26787960	26793786	2058	6.49982393586e-06	2.03270770792e-05	2.35187308044e-06	79	199	7	74.901651	231.5672963	27.90450039	-0.293570749919269	1.04679003702309	3.92005685720876	0.170343293261201	0.829632709974642	2.39967641565198e-05
ENST00000320027.5	HSPH1	13	18	31711454	31735719	2577	8.72710192217e-06	2.20619387252e-05	2.35888729984e-06	125	199	5	106.056199846	256.634729492	34.1690135104	-1.14037721544729	1.75971698472031	4.94305234239651	0.983009121355496	0.0169908749998278	3.64467656799966e-09
ENST00000380099.3	KL	13	5	33590578	33638323	3039	1.9241572363e-05	3.81267433315e-05	1.79580662911e-06	133	310	11	188.430009687	379.75005239	20.8542038527	2.50333699999433	1.75070261763413	2.13754080216451	1.95267033273788e-05	0.972984941152301	0.0269955321443712
ENST00000181383.4	CPB2	13	11	46627748	46679144	1272	5.09506448727e-06	1.14403642014e-05	1.37786381396e-06	63	106	12	62.338204	134.2317698	20.22154343	-0.0519635823530875	1.19186564877619	1.81107287060428	2.80849135453329e-06	0.922362960204773	0.0776342313038719
ENST00000400286.2	SLITRK6	13	1	86368117	86370643	2526	8.34446986291e-06	2.06007426911e-05	1.278896549e-06	126	284	10	94.96368	233.8297736	14.90926592	-1.97442576304141	-1.60476846288419	1.25944174646939	8.60812958532084e-06	0.761742700277024	0.23824869159339
ENST00000375887.4	TNFSF13B	13	6	108922243	108959286	858	3.48957010309e-06	7.80699513809e-06	6.7797813458e-07	35	47	0	40.5223529268	87.4114384614	9.43518146633	0.537806548765204	2.11415403948037	3.04273976903174	0.954794121426939	0.045085177606775	0.000120700966286404
ENST00000361283.1	CHAMP1	13	1	115089317	115091756	2439	7.67512364255e-06	2.11541256773e-05	1.0660521413e-06	121	261	0	87.37985	240.0997977	12.49768771	-2.22968453534961	-0.659737249354807	3.50190666540384	0.985193951059278	0.0147983988635575	7.65007716419249e-06
ENST00000556994.1	SRP54	14	15	35465915	35498358	1515	4.72711463937e-06	1.239700106e-05	1.33791976686e-06	53	61	1	58.7809409172	143.943200172	20.9420434216	0.467444084767487	3.38143971254142	4.31667919267371	0.996689717284175	0.00331024305424971	3.9661575533695e-08
ENST00000267430.5	FANCM	14	23	45605234	45669211	6147	2.14353805944e-05	5.39642326579e-05	4.61722810342e-06	244	674	29	247.619967708	608.402562811	60.1609710065	0.142614986359261	-1.30079105561502	3.97963468247808	6.24486171840289e-12	0.99998024181229	1.97581814647238e-05
ENST00000216367.5	POLE2	14	19	50110369	50154921	1584	5.63500614426e-06	1.47514604275e-05	1.78872174986e-06	61	150	11	64.4414695077	156.223505261	26.2960153644	0.265772936374783	0.243544279603432	2.95476558665395	0.000153355971239164	0.998356071956697	0.00149057207206426
ENST00000382041.3	NIN	14	28	51192589	51288774	6273	2.33828674282e-05	5.61109117374e-05	5.42037020997e-06	256	670	23	271.597110906	636.397331459	71.6027568825	0.586719805278161	-0.651518025216491	5.68965222628557	8.93549269098595e-06	0.999991064089644	4.17665416311809e-10
ENST00000332981.5	PRKCH	14	14	61788819	62016549	2052	1.11212963929e-05	2.35637262592e-05	2.39403901699e-06	101	187	4	128.123627441	266.398163793	32.753447641	1.48553274009561	2.3793671124423	4.97681095086854	0.99439017871354	0.00560982009492727	1.19153273456406e-09
ENST00000238628.6	IFT43	14	8	76452129	76549920	642	3.60796015907e-06	7.35936758392e-06	8.96969466437e-07	41	90	11	42.9432956054	84.7268902757	13.2390051658	0.183840674834538	-0.280202913186523	0.60956090253561	4.37841580307519e-07	0.376444964987201	0.623554597171219
ENST00000267622.4	TRIP11	14	21	92436016	92506029	5940	1.8321430199e-05	4.58751976028e-05	4.99902115854e-06	258	557	26	210.139323069	515.140922522	62.7834633785	-2.04679742665504	-0.902076425209651	4.59853692594361	2.34458214955102e-09	0.999999518042607	4.79612810646599e-07
ENST00000342058.4	FBLN5	14	11	92336567	92413573	1347	6.86849637258e-06	1.58760264501e-05	1.46022808992e-06	69	132	1	80.7150446865	180.494629658	20.2972254946	0.808380711431587	1.76554042980399	4.24293312936272	0.995790692927138	0.00420923577191787	7.13009436667891e-08
ENST00000216639.3	VRK1	14	12	97299808	97347545	1191	3.61115893773e-06	1.08075104939e-05	1.30651883937e-06	44	111	6	45.2540613068	125.96213062	19.4292858495	0.115568370082515	0.652062176751645	3.01796497042888	0.0428984052164855	0.955888731237774	0.00121286354574094
ENST00000314520.3	MKRN3	15	1	23810929	23812453	1524	7.14904161299e-06	1.66988139838e-05	7.68893566689e-07	91	217	4	81.41923	189.6200936	9.13082112	-0.658243164532093	-0.972536974847808	1.68198320443595	0.0235775059313367	0.913738499268745	0.0626839947999181
ENST00000346128.6	TJP1	15	28	29993798	30114231	5247	2.02864069539e-05	5.10707064113e-05	4.9407990313e-06	244	547	4	236.986537962	582.169209323	66.6335190914	-0.282437554964538	0.712942215946815	7.60063954368234	0.999999982283293	1.77167068390396e-08	4.72237711510172e-23
ENST00000261866.7	SPG11	15	40	44855318	44955845	7332	2.47706868419e-05	6.08347008795e-05	5.41749833476e-06	342	832	47	281.859437997	674.871805004	75.9341733732	-2.22075698410035	-2.95842099074252	3.28913836370063	2.91203449273578e-22	0.99568625069984	0.00431374930016003
ENST00000260408.3	ADAM10	15	16	58889745	59041733	2247	7.12199704261e-06	2.00659834653e-05	2.08532414861e-06	86	129	1	83.2677378049	225.494489668	29.1274324219	-0.185623554941887	3.14304825016863	5.16260201558427	0.999844506827148	0.000155493149876821	2.29750539532457e-11
ENST00000261523.5	RORA	15	12	60789653	60919573	1671	6.90452635477e-06	1.62279252288e-05	1.94850722194e-06	77	111	4	82.7651623112	187.895504931	26.9680410496	0.392859325966376	2.74384245641469	4.38115878772043	0.953196549708048	0.0468032281231729	2.2216877867586e-07
ENST00000288840.5	SMAD6	15	4	66995596	67073873	1491	1.76153985055e-05	3.11760802093e-05	1.08133455164e-06	75	140	8	108.701147739	191.308992856	8.15871680952	2.00390275674242	1.81443846859129	0.0550429480046183	6.96558203122398e-06	0.28440718039152	0.715585854026449
ENST00000261881.4	TIPIN	15	7	66629295	66645285	906	2.87206552571e-06	6.91097420557e-06	7.89352366307e-07	41	86	5	34.7497489734	78.9766332826	11.1195666933	-0.65731123989578	-0.38655626848004	1.81788518311053	0.00983208458317475	0.942185447294077	0.0479824681227479
ENST00000261880.5	AAGAB	15	10	67495158	67546969	948	3.35270708281e-06	7.88148096748e-06	1.04196494277e-06	48	124	6	39.0161974611	87.2657502588	14.9120560736	-0.891634966921412	-1.92338278121912	2.28611901371523	0.00810207313151983	0.977864167974257	0.0140337588942233
ENST00000268058.3	PML	15	9	74287153	74337349	2649	1.76951657005e-05	3.764107887e-05	1.78049796353e-06	150	297	3	189.145553613	398.535204675	21.7416110813	1.76455133279031	2.48770988262795	3.98153649783366	0.937511028933986	0.0624866977302175	2.27333579642892e-06
ENST00000258930.3	CIB2	15	6	78397652	78423557	564	3.34536432611e-06	6.47878060753e-06	5.48968423567e-07	37	70	6	39.3281142639	73.7251673569	8.31099481016	0.230144970062135	0.212204529649361	0.794076143334908	0.000468492983005407	0.667683032899504	0.331848474117491
ENST00000326577.4	TNFRSF12A	16	4	3070398	3071827	390	3.20657178053e-06	6.30681518085e-06	4.73503742068e-07	24	47	3	31.3965508667	60.8737786776	6.13589419826	0.818347432191897	0.869753440146943	1.25404220538014	0.036421306731277	0.831654627292245	0.131924065976478
ENST00000324288.8	CIITA	16	19	10971187	11017160	3393	2.02690179433e-05	4.13230981955e-05	2.6620720033e-06	265	463	14	233.347677092	467.914512784	36.7991449363	-1.28455578596188	0.111125196987745	3.72296930369899	5.54341952880924e-05	0.99989113669237	5.34291123419534e-05
ENST00000396355.1	NDE1	16	8	15758635	15818108	1008	5.65541110409e-06	1.25299525333e-05	1.06622484708e-06	78	165	5	66.2452312387	143.102431966	15.2931689656	-0.895336549115235	-0.89534321210878	2.60729432403301	0.0471095482859516	0.947758383411676	0.00513206830237232
ENST00000297679.5	HSD3B7	16	6	30996979	30999504	1110	7.2053668794e-06	1.50686544526e-05	7.78911821125e-07	67	146	9	80.2824936823	164.891053313	10.5639536133	0.919006424733419	0.719573378845916	0.476650840034976	4.6418471440819e-06	0.401043650057428	0.598951708095428
ENST00000379661.3	KATNB1	16	19	57771155	57790858	1968	1.35195341387e-05	2.77339093457e-05	1.99308991098e-06	135	238	6	146.58198807	290.945025331	27.6933442128	0.593051909469675	1.51822438439616	4.08346234475538	0.496734037043629	0.503258414052759	7.54890361204615e-06
ENST00000262506.3	CSNK2A2	16	11	58197974	58231640	1053	4.45744257508e-06	1.11291849552e-05	1.45163892374e-06	26	42	0	48.9822046526	120.309114263	20.1876816656	2.03573799270318	3.4920418630578	4.4507469088144	0.999154189421807	0.000845803542775178	7.03541798681877e-09
ENST00000262430.4	MLYCD	16	5	83932749	83949094	1482	1.23982691933e-05	2.33761934928e-05	9.3542555178e-07	110	215	7	104.105979327	197.241458367	10.9047624325	-0.358114336901576	-0.618477035634623	1.17132174393702	0.000280848275880868	0.789285897071259	0.21043325465286
ENST00000268638.5	IRF8	16	8	85936621	85954888	1281	8.13805765038e-06	1.75728681751e-05	1.20226714822e-06	98	136	2	94.9411371757	201.104158557	16.8688430079	-0.194617473339182	2.24550941709313	3.58611553814003	0.926540237878288	0.073442825977904	1.69361438082062e-05
ENST00000397901.3	CHMP1A	16	7	89712473	89723996	591	4.13327786787e-06	7.69013545484e-06	4.93082756098e-07	57	61	2	41.5442544932	75.549214963	7.28623896963	-1.48656567699649	0.81873039586626	1.93992427244814	0.252036809419505	0.719472861586133	0.0284903289943623
ENST00000268704.2	SPG7	16	17	89574825	89623501	2388	1.63564423312e-05	3.31726030701e-05	2.19886877223e-06	181	320	28	169.201658541	336.071247908	28.8024991446	-0.562298003065047	0.428794398333233	0.148121868837279	1.38467339967464e-18	0.00528518727237	0.99471481272763
ENST00000429205.2	SENP3	17	11	7466393	7474801	1725	6.90818120089e-06	1.99158169343e-05	1.9149596766e-06	71	118	1	65.8865804524	180.202345498	20.4310855929	-0.39053722392947	2.26643201161925	4.25834681297286	0.995995419772783	0.00400451709895311	6.31282634233604e-08
ENST00000250124.6	MPDU1	17	7	7487180	7490869	744	4.25982375329e-06	7.4424784058e-06	6.21540444982e-07	44	69	3	49.8539131436	85.2202801863	9.79760665717	0.513979604006324	0.859415818106345	2.15122436330853	0.144211427826061	0.837200260703171	0.0185883114707676
ENST00000338034.4	ELAC2	17	24	12896134	12921264	2481	1.31926349056e-05	2.91254088154e-05	2.37244868191e-06	157	295	22	141.616687128	303.33772714	34.5232669753	-0.801385932822812	0.234152883346767	2.11130708864354	4.06301820140536e-11	0.920902554841294	0.0790974451180756
ENST00000359106.5	CACNA1G	17	38	48638820	48704112	7134	4.29702069533e-05	9.30280953505e-05	4.88288071898e-06	422	598	6	421.982347919	903.615325491	61.3317563945	-0.000534165222055543	4.97278693472493	6.99876573272162	0.999996517362333	3.48263766725387e-06	7.4641540124881e-19
ENST00000319642.1	USH1G	17	3	72914167	72919168	1386	1.09174581378e-05	2.27992062964e-05	8.77760321841e-07	61	168	6	118.817819147	246.141514375	9.97688136896	3.28829140246037	2.43615978739175	1.2471964767316	0.00108621943329599	0.830235502770171	0.168678277796533
ENST00000317905.5	RECQL5	17	19	73623501	73662637	2976	1.4460964351e-05	3.36086243383e-05	2.25919679627e-06	162	391	16	162.624048688	368.707430359	31.6812718001	0.0303348419826526	-0.567853456129859	2.75974946568021	3.00939600505428e-07	0.996122246447281	0.00387745261311825
ENST00000269305.4	TP53	17	10	7572926	7579912	1182	5.59891336352e-06	1.41046020508e-05	1.1094460336e-06	67	125	2	66.4446005501	160.742888049	16.3512990943	-0.0422401557740501	1.37892400889969	3.51564335935301	0.91222295333147	0.0877503280810861	2.6718587444359e-05
ENST00000269349.3	EIF4A3	17	12	78109288	78120760	1236	6.83803738225e-06	1.52376567412e-05	1.34451959772e-06	77	53	0	81.1451103225	174.689793242	19.711975535	0.285268816261344	4.50336199598806	4.39799587614175	0.998989654876332	0.00101033427371516	1.08499524958631e-08
ENST00000331056.5	PDE6G	17	3	79618103	79620335	264	1.30812092161e-06	2.66296788998e-06	2.68566982356e-07	15	33	3	15.6747370641	30.7960140142	4.17015795086	0.105653952813596	-0.19425796801364	0.567620325843204	0.014216424092894	0.677118685905428	0.308664890001678
ENST00000306897.4	RAC3	17	6	79989637	79991705	579	4.58754034811e-06	8.77812218093e-06	4.19813105287e-07	68	50	3	46.1644732515	87.757427977	6.07288767509	-1.99232074931583	1.97141013406464	1.23520400229642	0.0354422485411882	0.82859566662111	0.135962084837702
ENST00000505490.2	ALYREF	17	6	79846006	79849456	795	7.43956048179e-06	1.44582562091e-05	7.76571843987e-07	52	27	0	42.1320923708	81.8723683293	5.60285486239	-0.942471295295484	2.96620716103012	2.34473833798306	0.831865499534863	0.164682391212089	0.00345210925304791
ENST00000261601.7	USP14	18	16	158698	211284	1485	5.21225775293e-06	1.29507277253e-05	1.75241378211e-06	57	93	4	62.9574217807	148.43641725	25.7263138836	0.465461994463664	2.22557011316537	4.24313663922273	0.927536807900908	0.0724625220425103	6.70056581478713e-07
ENST00000261597.4	NDC80	18	16	2572984	2616573	1929	6.26488196279e-06	1.55845411919e-05	1.97487950138e-06	78	158	10	74.1638268163	175.60757923	27.9597395328	-0.276153954843411	0.649897561804221	3.36452029048443	0.00148617426184344	0.99823142071337	0.000282405024786862
ENST00000318388.6	NDUFV2	18	8	9102741	9134277	750	2.55680523615e-06	6.67329111558e-06	6.89154688623e-07	24	88	5	28.1178724838	70.7306788757	10.4875789943	0.481427478909619	-1.00435621851411	1.67854440701206	0.00763022340313864	0.926145796139763	0.0662239804570987
ENST00000399722.2	RBBP8	18	18	20516814	20606203	2694	8.24936285281e-06	2.28276363863e-05	2.45598741264e-06	115	312	13	98.0602602919	259.104156984	34.1826933155	-1.06049762754296	-1.60731273913032	3.58895327039443	0.000108378971563585	0.999790808592162	0.000100812436275003
ENST00000598334.1	DTNA	18	18	32335940	32470404	2175	8.80323508751e-06	2.17445223073e-05	2.16191618715e-06	91	196	5	97.9827082947	232.569340653	29.9004510894	0.437319380200476	1.17288900223286	4.51084650527207	0.921398185265569	0.0786016478666321	1.66867799264866e-07
ENST00000285039.7	MYO5B	18	40	47352840	47721163	5547	2.49727497489e-05	5.97500430413e-05	4.66217120465e-06	303	693	28	292.938099032	681.037106681	67.6876616445	-0.364453011570203	-0.224216472520492	4.77848694733367	5.4231747689238e-10	0.999999838766977	1.60690705836165e-07
ENST00000579534.1	POLI	18	10	51795916	51820837	2223	7.59505454972e-06	1.89686472783e-05	1.36170517766e-06	94	244	14	67.7804437925	174.132684364	15.8425939714	-1.9743430343524	-2.58970467056362	0.458570537772878	4.26967456461878e-09	0.195191700431888	0.804808295298438
ENST00000348428.3	MALT1	18	17	56338875	56415074	2475	9.68260784989e-06	2.25375733336e-05	2.06326642635e-06	76	147	3	86.3184431782	207.737029389	28.2288861265	0.688512206869023	2.06116553970321	4.70371406119441	0.994144577983795	0.00585541547742824	6.53877673411335e-09
ENST00000334889.3	RAX	18	3	56936235	56940438	1041	1.2897797881e-05	2.02823869302e-05	6.65514691373e-07	51	78	0	88.4670502515	143.476792452	5.78070258176	2.4694954531987	2.6737024719057	2.3816614178949	0.841214635572597	0.155816610762897	0.00296875366450603
ENST00000280200.4	CD226	18	6	67531549	67614642	1011	4.12722171827e-06	9.53734371962e-06	6.75528369908e-07	53	108	2	49.276863	110.5746722	10.16845524	-0.328804186084373	0.119760945944313	2.53747719118218	0.505154014855792	0.490712363680102	0.00413362146410612
ENST00000299543.7	CTDP1	18	13	77439947	77513790	2886	2.44050853749e-05	4.41674757978e-05	2.2004452936e-06	180	297	4	185.248472144	337.784615067	25.5946013437	0.239060201985288	1.08540726212699	4.2282500365495	0.924155318985366	0.0758439282896338	7.52725000208255e-07
ENST00000329478.2	ADAT3	19	1	1912046	1913150	1104	1.21769882913e-05	2.24134657375e-05	3.89969648154e-07	58	138	4	96.0745323041677	176.594196144579	3.35843741407691	2.40812948138957	1.42052955768083	-0.346784893859644	0.0011796465942971	0.395969706249408	0.602850647156295
ENST00000360614.3	LONP1	19	18	5692042	5720143	2880	2.43211942027e-05	4.49247444421e-05	2.28028458442e-06	288	409	2	268.390371899	490.593336933	31.7608449467	-0.742052563842408	1.80181510262646	5.23105102188749	0.999697932788122	0.000302067188440052	2.34376219791737e-11
ENST00000558518.1	LDLR	19	18	11200224	11241992	2583	1.7592231061e-05	3.24649062648e-05	2.17081878557e-06	183	353	27	205.542885781	373.139335337	31.9510761983	0.97478320604139	0.509947230469854	0.867653984653803	2.59266073718312e-16	0.0585944567653505	0.941405543234649
ENST00000316448.5	CALR	19	9	13049493	13054727	1254	7.72978560119e-06	1.42636883234e-05	9.20282747283e-07	93	131	1	82.2351489718	150.157393365	12.9812289322	-0.735916753997623	0.764679901473604	3.294072028558	0.93872855492894	0.061218723935862	5.27211351981369e-05
ENST00000252818.3	JUND	19	1	18391250	18392294	1044	1.50143312845e-05	2.17252537691e-05	2.7157808369e-07	52	50	0	109.585455995816	158.446223142376	2.24661337749088	3.41024888830199	4.21395500540841	1.48475168451916	0.560887373754993	0.389592916266824	0.0495197099781822
ENST00000262643.3	CCNE1	19	11	30303462	30314684	1233	6.05194905947e-06	1.30189984415e-05	1.14891804619e-06	65	99	4	65.890779114	135.158226039	16.2396018863	0.0680311180759877	1.52125513934371	3.00863360693191	0.268926805475888	0.729972267035969	0.00110092748814332
ENST00000378626.4	LGALS7	19	4	39261665	39264132	411	4.13787228775e-06	7.49251599993e-06	3.72175030453e-07	0	2	0	12.935256955	21.1306569743	1.11935765385	2.22965178527517	2.03558808848471	1.0480311633009	0.43376704344564	0.459290785160748	0.106942171393612
ENST00000301141.5	CYP2A6	19	9	41349700	41356331	1485	7.88126957601e-06	1.877792489e-05	1.06479272257e-06	85	206	11	93.068298	216.5296711	15.8361919	0.518478346886672	0.350004561129994	1.20383754710383	2.17794878373007e-06	0.708893748632634	0.291104073418582
ENST00000334370.4	MEGF8	19	41	42830395	42880927	8337	5.25535460214e-05	0.000114070965665	7.27957061362e-06	500	839	16	497.140945207	1056.77606378	81.4199182771	-0.0794948630219517	3.27668728527049	7.18181726369288	0.973137204425084	0.0268627955749157	2.627423540134e-16
ENST00000404338.3	ARHGAP35	19	6	47421932	47503945	4500	1.9534696336e-05	4.59985100554e-05	2.66418446086e-06	220	322	0	220.606049223	517.281954141	32.0116386448	0.0252937608129172	4.1996682350696	5.60458751464621	0.999989834870149	1.01651297031019e-05	1.47773228280921e-13
ENST00000301200.2	CDC42EP5	19	1	54976284	54976731	447	7.07330229503e-06	1.07625211141e-05	6.23440914923e-08	17	26	0	34.6360383949096	52.607159494094	0.483878200685982	1.85774636687388	1.79428952231306	0.689061080938012	0.359353006035898	0.482581794731726	0.158065199232376
ENST00000217260.4	RSPO4	20	5	940999	982807	705	4.12241811299e-06	9.67163630364e-06	6.71413396351e-07	46	102	6	37.5390317017	86.5175444286	8.08578447494	-0.856107122148195	-0.814149787725705	0.726604401313529	0.000413043495572724	0.640387847314936	0.359199109189491
ENST00000262650.6	ITCH	20	24	32981617	33095599	2712	8.67040978873e-06	2.41156224381e-05	3.03192912556e-06	123	158	2	97.4297693656	263.138730728	40.9218882668	-1.60597307398529	3.1702002790455	6.02706379557093	0.999990177147491	9.82285250327178e-06	5.56601641622752e-15
ENST00000262878.4	SAMHD1	20	16	35521334	35580046	1881	7.53352995611e-06	1.95527465519e-05	2.38764613429e-06	73	157	14	90.7761710533	224.444778472	33.3136361534	1.15664936176786	2.20196352567422	3.31468807020109	1.50497735378024e-05	0.999637778144474	0.000347172081988005
ENST00000244043.4	PTGIS	20	10	48124456	48184653	1503	8.47671812592e-06	1.88049674469e-05	1.25687819775e-06	82	211	10	89.6195488864	193.862009833	17.1847344008	0.498973416045863	-0.60204676629643	1.71683686726197	2.42325399858621e-05	0.91559389773133	0.0843818697286842
ENST00000340309.3	UBE2V1	20	4	48699304	48732112	513	1.8168773505e-06	4.68015470713e-06	5.31774441862e-07	27	33	5	21.4440382937	53.1838870192	7.4707935609	-0.743798496213068	1.35372755357523	0.895452990131302	0.0019545255342164	0.73314226399092	0.264903210474864
ENST00000396029.3	ADNP	20	3	49507941	49520533	3309	1.14560225066e-05	2.84562600511e-05	2.00788239113e-06	194	285	1	130.707588754	322.524286444	23.9037207585	-3.43202625636067	1.02199278469401	4.64048129705908	0.9989040999292	0.00109589739428926	2.67651096393963e-09
ENST00000217086.4	SALL4	20	4	50400803	50418947	3162	1.91140686002e-05	3.70606547342e-05	1.74854987166e-06	221	349	0	216.226591147	418.639001607	21.3007360052	-0.201243929458233	1.66475032025562	4.57179805515423	0.999442034343346	0.000557963103696446	2.55295790033754e-09
ENST00000395863.3	BMP7	20	7	55746014	55841178	1296	9.6709526744e-06	2.01303577531e-05	9.54741542598e-07	66	114	0	91.5560786744	190.360326717	11.8614352371	1.65577032196937	2.70704772194502	3.41160231987225	0.98128676800379	0.018699627940667	1.36040555429486e-05
ENST00000371100.4	GNAS	20	13	57428320	57485884	3114	2.28470193371e-05	4.5304722902e-05	2.12577705869e-06	167	242	1	212.999971087	424.708384642	26.2270282624	1.95396816979501	4.33640218837816	4.87956685372325	0.9995400816303	0.000459918047113187	3.22586941834638e-10
ENST00000337938.2	EDN3	20	5	57875867	57899514	717	4.14581149715e-06	8.42831295669e-06	5.25077387449e-07	42	99	3	47.7293470801	95.6447629819	7.84504395758	0.5141170957699	-0.1678067733474	1.7135221361936	0.0723949084714923	0.872338251693349	0.055266839835159
ENST00000217182.3	EEF1A2	20	7	62119650	62129116	1392	1.28527593615e-05	2.2648754258e-05	8.04268612353e-07	103	29	0	120.523230823	211.373989281	10.077745175	0.989526719339557	6.13555082749992	3.14464397364548	0.96413145424868	0.0358006704304085	6.78753209114381e-05
ENST00000334352.4	USP16	21	17	30400234	30426508	2472	7.738400883e-06	1.99071131427e-05	1.84097800957e-06	86	254	9	92.4911053627	226.548264285	27.23243683	0.418425785603912	-0.892083129843919	3.46091665673039	0.00586486313268796	0.993942738108204	0.00019239875910845
ENST00000399784.2	MRAP	21	3	33671282	33684307	519	3.08629357396e-06	5.49311373389e-06	5.47047873046e-07	37	71	4	35.4959080069	62.2741892338	7.25143426228	-0.156507130710867	-0.540839303765258	1.19605917580359	0.0106384158711261	0.832650160868931	0.156711423259943
ENST00000290219.6	IFNGR2	21	7	34775849	34809269	1014	5.77057760995e-06	1.06791342615e-05	8.91819067488e-07	47	82	1	53.881455	105.518092	11.04800426	0.58117961529014	1.11983797396204	2.99452248675058	0.881281108961234	0.118430869750543	0.000288021288222903
ENST00000381318.3	ITSN1	21	39	35091133	35260604	5166	2.16234820556e-05	5.04074494852e-05	5.6678075598e-06	243	401	7	254.404746697	568.938605279	78.7986767696	0.443272461579171	3.44377116086093	8.01210543238206	0.999999973635691	2.63643088082222e-08	1.03024379268079e-24
ENST00000290310.3	KCNE2	21	1	35742777	35743149	372	1.45641759135e-06	3.66189452986e-06	2.41011417751e-07	25	45	4	16.92062	41.9091299	3.14980578	-1.2176413054617	-0.233530080862355	-0.474532534051816	0.0010184057784747	0.369588226723981	0.629393367497544
ENST00000333229.2	BRWD1	21	42	40558951	40685417	6963	2.273905074e-05	6.0626785648e-05	6.05954989468e-06	302	577	9	253.610061604	665.034647446	79.5551964838	-1.88373975205021	1.66973602190047	7.83581963479353	0.999999462325348	5.37674651724079e-07	6.52902891382071e-23
ENST00000354250.2	NDUFV3	21	4	44313443	44329131	1422	7.32116741584e-06	1.44595211115e-05	1.2046587608e-06	73	172	13	78.723695	155.2552156	13.08660799	0.399920416438359	-0.657314613215889	0.0237155995409919	4.32515643200341e-09	0.106542176103264	0.893457819571579
ENST00000349048.4	PFKL	21	22	45719988	45746745	2343	1.81997894218e-05	3.57547253179e-05	1.97337966872e-06	177	281	19	177.804187821	349.131645847	27.7271041754	0.0373888876693241	1.78348897475878	1.64175202335673	3.68287250532775e-10	0.753100795274505	0.246899204357208
ENST00000270172.3	DNMT3L	21	11	45666279	45681142	1164	7.33069513197e-06	1.41161321796e-05	1.33713830976e-06	71	158	12	82.0520684845	153.825168612	18.3965260764	0.756394544567771	-0.164641120458098	1.47729071838755	1.25678875267047e-06	0.81681097764307	0.183187765568177
ENST00000397728.3	LSS	21	22	47611017	47648659	2199	1.46863466188e-05	3.00314981651e-05	2.72497428121e-06	142	262	12	151.378654262	300.856439604	34.3716616774	0.472563013182175	1.09571952027623	3.77996414092096	0.000604838176127229	0.999353008248717	4.21535751560353e-05
ENST00000291670.5	FTCD	21	14	47556900	47575437	1626	1.27238486212e-05	2.46704074011e-05	1.42004774529e-06	128	225	13	100.227739967	192.569247841	15.9740442621	-1.71975836735143	-1.14309071567776	0.737105515060087	4.30129998812761e-08	0.359852363009066	0.640147593977935
ENST00000332710.4	TBX1	22	8	19747166	19754390	1488	2.00789995038e-05	3.02188883659e-05	1.08477113754e-06	103	126	0	152.842825734	232.314336197	12.1867456715	2.49936368570275	3.411694654255	3.45806891454153	0.983396787766063	0.0165930755786156	1.01366553213123e-05
ENST00000437685.2	CDC45	22	19	19467491	19506431	1797	8.9717322529e-06	1.99443586527e-05	1.62094191001e-06	96	189	7	103.728054043	222.806130989	25.1846141803	0.470407218726405	1.10776593647383	3.58943580348079	0.0691043589822534	0.930779647144889	0.000115993872857286
ENST00000401924.1	GGT2	22	12	21562426	21579843	1710	1.07745904923e-05	2.19458430422e-05	1.08451733977e-06	2	4	0	27.5781881499	59.8863063315	5.13137346751	3.01950929668129	3.5323042576265	2.2439154314813	0.804816509817502	0.19005173101808	0.00513175916441775
ENST00000305877.8	BCR	22	23	23523147	23657709	3816	2.92337683515e-05	5.55934321018e-05	2.88973959621e-06	244	408	2	299.213454157	561.189439716	37.7000070101	1.97881028972256	3.16293636397	5.7595332923236	0.999967224797783	3.27752021126173e-05	1.04772411112926e-13
ENST00000215939.2	CRYBB1	22	5	26995453	27012283	759	4.45360976847e-06	1.08107611306e-05	8.38309948322e-07	55	105	7	52.555803	124.5836683	11.59370819	-0.209014218163915	0.85818438102836	1.33641693562858	0.000388650496371835	0.844148805109281	0.155462544394347
ENST00000404072.3	PICK1	22	12	38453816	38471139	1248	8.18252721466e-06	1.65704247755e-05	1.01950023187e-06	84	96	3	89.5981318557	176.583864258	15.0950589142	0.366642642940782	2.96612327861653	3.08375781822571	0.555069205475041	0.444357085943587	0.000573708581371709
ENST00000380817.3	SBF1	22	41	50885570	50913269	5682	3.89613710787e-05	8.41896342434e-05	4.63603762464e-06	528	770	13	394.928864098	845.096908778	60.73966329	-4.15120078673618	1.26352902053392	6.06782233268386	0.690538813887376	0.30946118609264	1.99846807104168e-11
ENST00000216124.5	ARSA	22	8	51063572	51066207	1530	1.00326134257e-05	1.95693484145e-05	1.18487048674e-06	83	182	12	93.9986494922	182.794861718	13.9561557019	0.703279737558405	0.0287572217573365	0.518692767630158	8.51321818711031e-08	0.291195894702315	0.708804020165503
ENST00000543927.1	SCO2	22	1	50962039	50962840	801	4.21469235007e-06	1.00547424563e-05	4.84605971166e-07	62	142	6	48.17244	114.3413959	5.90978337	-1.23508173919775	-1.26515839668173	-0.0367612749376658	0.000101907145142781	0.356526143455592	0.643371949399265
ENST00000378588.4	CYBB	X	13	37639330	37670170	1713	5.9921703839e-06	1.52304076491e-05	1.7464724455e-06	61	75	0	49.0358095005	116.986749165	17.506627646	-1.05919544657765	1.89871583292638	4.14467965639692	0.99769789816162	0.00230202104146977	8.079691052442e-08
ENST00000377045.4	ARAF	X	15	47422366	47430856	1821	9.80076928289e-06	2.36968801269e-05	1.86496023017e-06	75	105	3	64.7209314353	150.538329678	15.8000767814	-0.792101516649191	1.81538954016353	3.18986702836621	0.618988518165058	0.380674899023438	0.000336582811504316
ENST00000495186.1	EBP	X	4	48382159	48386845	693	3.27630887922e-06	7.26529714221e-06	6.43823196368e-07	27	34	0	24.3732433378	53.1315076887	6.13738231365	-0.329847547774848	1.28377712695562	2.45403792745173	0.858629818405411	0.139180627245459	0.00218955434912991
ENST00000156084.4	OTUD5	X	9	48780450	48814832	1716	1.31309304943e-05	2.58618382777e-05	1.41987922102e-06	63	24	0	61.3888153895	128.995090667	11.2457772379	-0.127482007504499	4.52167031436011	3.32188416550061	0.97654856924968	0.0234277090053809	2.37217449387089e-05
ENST00000218224.4	PQBP1	X	6	48755792	48760361	798	4.41597672214e-06	1.08405108644e-05	8.43307741672e-07	33	38	1	28.7903554174	67.9153696883	6.75077570981	-0.48637457392899	1.77552533563998	2.19249842652273	0.59284411367679	0.397441487907889	0.00971439841532104
ENST00000374202.2	IL2RG	X	8	70327585	70331389	1110	4.22297146699e-06	1.01742339145e-05	1.02344976292e-06	40	47	0	31.4342365942	72.013830833	9.6245219621	-0.947139267139677	1.44174577139678	3.07311829202917	0.957764471265316	0.0421336347305671	0.000101894004117024
ENST00000373316.4	PGK1	X	11	77359837	77381327	1254	4.36609948838e-06	1.08945002152e-05	8.98290738141e-07	39	91	0	36.2797219117	85.037337474	10.6769136991	-0.279982649426284	-0.316265384184411	3.23677479700493	0.971138951857199	0.028821438527794	3.96096150065934e-05
ENST00000373004.3	SRPX2	X	10	99901319	99925984	1398	5.8396077732e-06	1.67540297846e-05	2.11532460349e-06	41	124	2	45.1320639419	123.149209582	18.7702884597	0.381305866284068	-0.0374997304681939	3.83437632780341	0.96252939282245	0.0374674949449474	3.11223260297274e-06
ENST00000371906.4	AGTR2	X	1	115303533	115304625	1092	3.65381329413e-06	9.58831870859e-06	4.57676108706e-07	32	77	3	28.8601	75.1311136	3.93999212	-0.362340048563657	-0.105460614990402	0.469100809901627	0.0125489579921142	0.651428928078237	0.336022113929648
ENST00000304661.5	C1GALT1C1	X	1	119760064	119761021	957	2.67335750335e-06	7.68267330934e-06	4.08772329704e-07	27	53	0	21.21554	60.2728964	3.55869187	-0.778547784365194	0.458208386544166	1.86867981246667	0.688732363511784	0.292866730662289	0.0184009058259273
ENST00000369682.3	PLXNA3	X	32	153688523	153701028	5616	3.80782034338e-05	7.9539289108e-05	4.43302268624e-06	394	536	7	286.357868864	587.792487675	43.0043261717	-3.94345647626147	1.04489172804941	5.43861520475418	0.983112793293949	0.0168872065590562	1.46994673261165e-10
ENST00000383070.1	SRY	Y	1	2655029	2655644	615	3.47719880938e-06	7.79370451004e-06	5.44531946859e-07	1	11	0	5.97951432366362	13.3563150232607	0.967660098168702	1.26241891430779	0.315360508033338	0.974431040255653	0.416019592282844	0.466213249505803	0.117767158211354
ENST00000338981.3	USP9Y	Y	44	14821380	14971341	7668	2.2989341918e-05	6.48236986482e-05	6.86281562916e-06	70	184	4	43.699339613	120.766496793	14.0841963258	-2.46648608800179	-2.81442972270215	2.66173575384641	0.140701437950318	0.855194700379278	0.00410386167040401
